E 0 10 -3.0
V 0 0 1
F 45 45
R 128 128
M 62 146 204 0.26 1.0 0.5 32 0.4 0.0 1.5
/M r g b Ka Kd Ks exp Reflect Refract Nr
S 8.0 5.0 42.0 6.0
/M r g b Ka Kd Ks exp Reflect Refract Nr
M 161 78 277 0.3 1.0 0.5 32 0.0 0.8 1.5
S 2.0 5.0 97.0 6.0
M 161 232 204 0.3 1.0 0.5 32 0.0 0.8 1.5
S -20.0 5.0 297.0 6.0
M 254 222 151 0.1 1.0 0.5 32 0.4 0.0 1.5
P -50.0 -1.0 5.0 -50.0 -1.0 500.0 50.0 -1.0 500.0 50.0 -1.0 5.0
L 0.0 50.0 100.0 255 255 255
/ T -0.5 -0.5 0.0 -0.5 -0.5 1.0 0.5 -0.5 1.0
/ T -0.5 -0.5 0.0 0.5 -0.5 0.0 0.5 -0.5 1.0